index,date,cost,quan,tally_q,tally_c,date_s,proceeds,tally_q2,tally_c2,sold,tally_s,
1,11/30/2022,1827.03,250,250,1827.03,1/27/2023,1378.03,250,1827.03,0,0,
2,11/30/2022,499.59,100,350,2326.62,2/3/2023,585.47,36700,205348.21,0,0,
3,11/30/2022,652.92,100,450,2979.54,2/3/2023,625.47,36600,204848.62,0,0,
4,11/30/2022,742.1,100,550,3721.64,2/3/2023,667.98,36500,204195.7,0,0,
5,11/30/2022,365.4,50,600,4087.04,2/3/2023,333.99,36400,203453.6,0,0,
6,11/30/2022,1113.15,150,750,5200.19,2/3/2023,938.2,36350,203088.2,0,0,
7,11/30/2022,640.57,100,850,5840.76,2/3/2023,618.98,36200,201975.05,0,0,
8,11/30/2022,320.81,50,900,6161.57,2/3/2023,309.49,36100,201334.48,0,0,
9,11/30/2022,551.39,100,1000,6712.96,2/3/2023,618.98,36050,201013.67,0,1000,
10,1/27/2023,4453.49,850,1850,11166.45,2/21/2023,4976.5,35950,200462.28,0,0,
11,11/30/2022,264.8,50,1900,11431.25,2/21/2023,330.74,35100,196008.79,0,0,
12,11/30/2022,273.29,50,1950,11704.54,2/21/2023,292.74,35050,195743.99,0,0,
13,11/30/2022,320.29,50,2000,12024.83,2/21/2023,292.74,35000,195470.7,0,0,
14,11/15/2022,4068.9,500,2500,16093.73,1/27/2023,2756.06,34950,195150.41,0,0,
15,11/15/2022,3171.79,500,3000,19265.52,2/3/2023,3094.9,34450,191081.51,0,0,
16,11/15/2022,3679.44,500,3500,22944.96,2/3/2023,3127.35,33950,187909.72,0,0,
17,11/15/2022,4125.34,500,4000,27070.3,2/3/2023,3339.9,33450,184230.28,0,4000,
18,11/15/2022,2466.89,500,4500,29537.19,2/21/2023,2927.36,32950,180104.94,0,0,
19,9/15/2022,503.42,50,4550,30040.61,1/27/2023,275.61,32450,177638.05,0,0,
20,9/15/2022,1989.98,200,4750,32030.59,1/27/2023,1102.42,32400,177134.63,0,0,
21,9/15/2022,464.47,50,4800,32495.06,2/3/2023,312.74,32200,175144.65,0,0,
22,9/15/2022,509.06,50,4850,33004.12,2/3/2023,333.99,32150,174680.18,0,0,
23,9/15/2022,917.1,100,4950,33921.22,2/3/2023,668.47,32100,174171.12,0,0,
24,9/15/2022,725.9,100,5050,34647.12,2/3/2023,618.98,32000,173254.02,0,0,
25,9/15/2022,772.57,100,5150,35419.69,2/3/2023,625.47,31900,172528.12,0,0,
26,9/15/2022,917.1,100,5250,36336.79,2/3/2023,625.47,31800,171755.55,0,0,
27,9/15/2022,2012.56,200,5450,38349.35,2/3/2023,1335.96,31700,170838.45,0,0,
28,9/15/2022,815.57,100,5550,39164.92,2/3/2023,618.98,31500,168825.89,0,0,
29,9/15/2022,413.7,50,5600,39578.62,2/3/2023,309.49,31400,168010.32,0,0,
30,9/15/2022,674.59,100,5700,40253.21,2/21/2023,585.47,31350,167596.62,0,0,
31,9/15/2022,630.86,100,5800,40884.07,2/21/2023,585.47,31250,166922.03,0,0,
32,9/15/2022,343.21,50,5850,41227.28,2/21/2023,292.74,31150,166291.17,0,0,
33,9/15/2022,287.72,50,5900,41515,2/22/2023,330.74,31100,165947.96,0,0,
34,9/15/2022,563.62,100,6000,42078.62,2/22/2023,661.47,31050,165660.24,0,0,
35,9/15/2022,519.89,100,6100,42598.51,2/22/2023,661.47,30950,165096.62,0,0, 
36,2/10/2023,3558.75,750,6850,46157.26,2/22/2023,4961.02,30850,164576.73,0,0,
37,2/10/2023,1195,250,7100,47352.26,2/21/2023,1463.68,30100,161017.98,0,7000,
38,2/10/2023,4507.75,950,8050,51860.01,2/21/2023,5561.98,29850,159822.98,0,0,
39,2/13/2023,7077.45,1500,9550,58937.46,2/27/2023,10110.89,28900,155315.23,0,0,
40,2/13/2023,1415.01,300,9850,60352.47,2/27/2023,2022.18,27400,148237.78,0,0,
41,2/13/2023,236.48,50,9900,60588.95,2/27/2023,337.03,27100,146822.77,0,0,
42,2/13/2023,13952.32,2950,12850,74541.27,2/22/2023,19513.37,27050,146586.29,0,0,
43,2/13/2023,9420,2000,14850,83961.27,2/22/2023,13229.41,24100,132633.97,0,13000,
44,2/15/2023,8843.18,1850,16700,92804.45,2/27/2023,14031.86,22100,123213.97,0,0,
45,2/15/2023,4780.1,1000,17700,97584.55,2/27/2023,7815.78,20250,114370.79,0,0,
46,2/15/2023,5497.12,1150,18850,103081.67,2/27/2023,7751.69,19250,109590.69,0,18850,
47,3/3/2023,6485,1000,19850,109566.67,3/3/2023,6551.1,18100,104093.57,0,0,
48,3/3/2023,13178.2,2000,21850,122744.87,3/3/2023,13102.2,17100,97608.57,0,21850,
49,3/3/2023,3396.7,500,22350,126141.57,3/8/2023,2859.9,15100,84430.37,0,0,
50,3/3/2023,19767.3,3000,25350,145908.87,3/8/2023,17834.41,14600,81033.67,0,0,
51,3/3/2023,2717.36,400,25750,148626.23,3/8/2023,2337.92,11600,61266.37,0,0,
52,3/3/2023,678.93,100,25850,149305.16,3/8/2023,584.48,11200,58549.01,0,0,
53,3/3/2023,12374.2,2000,27850,161679.36,3/8/2023,11509.61,11100,57870.08,0,27850,
54,3/3/2023,4939.3,1000,28850,166618.66,4/6/2023,4914.82,9100,45495.88,0,0,
55,3/3/2023,846.81,190,29040,167465.47,4/20/2023,941.41,8100,40556.58,0,0,
56,3/3/2023,4951.69,1000,30040,172417.16,4/20/2023,4914.81,7910,39709.77,0,29850,
57,3/3/2023,3610.07,810,30850,176027.23,4/20/2023,4005.29,6910,34758.08,0,0,
58,3/3/2023,4739.7,1000,31850,180766.93,4/20/2023,4989.21,6100,31148.01,0,0,
59,3/3/2023,4722.29,1000,32850,185489.22,4/20/2023,4989.22,5100,26408.31,0,0,
60,3/3/2023,2649.3,500,33350,188138.52,4/20/2023,2494.61,4100,21686.02,0,0,
61,3/3/2023,844.45,190,33540,188982.97,4/20/2023,944.26,3600,19036.72,0,0,
62,3/3/2023,3600.03,810,34350,192583,4/20/2023,4013.4,3410,18192.27,0,0,
63,3/3/2023,516.95,100,34450,193099.95,4/20/2023,498.92,2600,14592.24,0,0,
64,3/3/2023,2069.44,400,34850,195169.39,4/20/2023,1995.68,2500,14075.29,0,0,
65,3/3/2023,562.53,100,34950,195731.92,5/30/2023,458.26,2100,12005.85,0,34850,
66,3/3/2023,575.44,100,35050,196307.36,5/30/2023,458.26,2000,11443.32,0,0,
67,3/3/2023,2251.76,400,35450,198559.12,5/30/2023,1833.05,1900,10867.88,0,0,
68,3/3/2023,2127.75,400,35850,200686.87,5/30/2023,1833.04,1500,8616.12,0,35850,
69,3/3/2023,618.08,100,35950,201304.95,6/2/2023,453.98,1100,6488.37,0,0,
70,3/3/2023,2422.31,400,36350,203727.26,6/2/2023,1815.93,1000,5870.29,0,0,
71,3/3/2023,2298.31,400,36750,206025.57,6/2/2023,1815.93,600,3447.98,0,0,
72,3/3/2023,605.17,100,36850,206630.74,6/2/2023,453.98,200,1149.67,0,0,
73,4/27/2023,544.5,100,36950,207175.24,6/2/2023,453.98,100,544.5,0,36950,
